-nan, -nan, -nan, -nan, -nan, -nan, -nan, -nan, -nan, -nan, -nan, -nan, 
0.000000, 0.000000, 0.000000, 0.000000, 0.000000, 1.000000, 0.000000, 0.000000, 0.000000, 0.000000, 0.000000, 0.000000, 
0.000000, 0.000000, 0.000000, 0.000000, 0.500000, 0.500000, 0.000000, 0.000000, 0.000000, 0.000000, 0.000000, 0.000000, 
0.000000, 0.000000, 0.000000, 0.000000, 0.333333, 0.333333, 0.333333, 0.000000, 0.000000, 0.000000, 0.000000, 0.000000, 
0.000000, 0.000000, 0.000000, 0.000000, 0.500000, 0.250000, 0.250000, 0.000000, 0.000000, 0.000000, 0.000000, 0.000000, 
0.000000, 0.000000, 0.000000, 0.000000, 0.600000, 0.200000, 0.200000, 0.000000, 0.000000, 0.000000, 0.000000, 0.000000, 
0.000000, 0.000000, 0.000000, 0.166667, 0.500000, 0.166667, 0.166667, 0.000000, 0.000000, 0.000000, 0.000000, 0.000000, 
0.000000, 0.000000, 0.000000, 0.285714, 0.428571, 0.142857, 0.142857, 0.000000, 0.000000, 0.000000, 0.000000, 0.000000, 
0.000000, 0.000000, 0.000000, 0.250000, 0.375000, 0.125000, 0.125000, 0.000000, 0.000000, 0.125000, 0.000000, 0.000000, 
0.111111, 0.000000, 0.000000, 0.222222, 0.333333, 0.111111, 0.111111, 0.000000, 0.000000, 0.111111, 0.000000, 0.000000, 
0.100000, 0.000000, 0.000000, 0.200000, 0.300000, 0.100000, 0.100000, 0.000000, 0.100000, 0.100000, 0.000000, 0.000000, 
0.090909, 0.000000, 0.000000, 0.181818, 0.272727, 0.090909, 0.090909, 0.090909, 0.090909, 0.090909, 0.000000, 0.000000, 
0.083333, 0.000000, 0.000000, 0.166667, 0.250000, 0.083333, 0.166667, 0.083333, 0.083333, 0.083333, 0.000000, 0.000000, 
0.076923, 0.000000, 0.000000, 0.153846, 0.307692, 0.076923, 0.153846, 0.076923, 0.076923, 0.076923, 0.000000, 0.000000, 
0.071429, 0.000000, 0.000000, 0.214286, 0.285714, 0.071429, 0.142857, 0.071429, 0.071429, 0.071429, 0.000000, 0.000000, 
0.066667, 0.000000, 0.066667, 0.200000, 0.266667, 0.066667, 0.133333, 0.066667, 0.066667, 0.066667, 0.000000, 0.000000, 
0.062500, 0.000000, 0.062500, 0.187500, 0.250000, 0.125000, 0.125000, 0.062500, 0.062500, 0.062500, 0.000000, 0.000000, 
0.117647, 0.000000, 0.058824, 0.176471, 0.235294, 0.117647, 0.117647, 0.058824, 0.058824, 0.058824, 0.000000, 0.000000, 
0.111111, 0.000000, 0.055556, 0.166667, 0.222222, 0.111111, 0.111111, 0.055556, 0.111111, 0.055556, 0.000000, 0.000000, 
0.105263, 0.000000, 0.052632, 0.157895, 0.210526, 0.157895, 0.105263, 0.052632, 0.105263, 0.052632, 0.000000, 0.000000, 
0.100000, 0.000000, 0.050000, 0.150000, 0.200000, 0.200000, 0.100000, 0.050000, 0.100000, 0.050000, 0.000000, 0.000000, 
0.095238, 0.000000, 0.047619, 0.142857, 0.190476, 0.190476, 0.142857, 0.047619, 0.095238, 0.047619, 0.000000, 0.000000, 
0.090909, 0.000000, 0.045455, 0.136364, 0.181818, 0.181818, 0.136364, 0.045455, 0.136364, 0.045455, 0.000000, 0.000000, 
0.086957, 0.000000, 0.043478, 0.173913, 0.173913, 0.173913, 0.130435, 0.043478, 0.130435, 0.043478, 0.000000, 0.000000, 
0.083333, 0.000000, 0.041667, 0.166667, 0.208333, 0.166667, 0.125000, 0.041667, 0.125000, 0.041667, 0.000000, 0.000000, 
0.080000, 0.000000, 0.040000, 0.160000, 0.200000, 0.200000, 0.120000, 0.040000, 0.120000, 0.040000, 0.000000, 0.000000, 
0.076923, 0.000000, 0.038462, 0.153846, 0.192308, 0.192308, 0.115385, 0.038462, 0.115385, 0.076923, 0.000000, 0.000000, 
0.074074, 0.000000, 0.037037, 0.185185, 0.185185, 0.185185, 0.111111, 0.037037, 0.111111, 0.074074, 0.000000, 0.000000, 
0.071429, 0.000000, 0.035714, 0.178571, 0.178571, 0.214286, 0.107143, 0.035714, 0.107143, 0.071429, 0.000000, 0.000000, 
0.068966, 0.000000, 0.034483, 0.172414, 0.206897, 0.206897, 0.103448, 0.034483, 0.103448, 0.068966, 0.000000, 0.000000, 
0.066667, 0.000000, 0.033333, 0.166667, 0.200000, 0.233333, 0.100000, 0.033333, 0.100000, 0.066667, 0.000000, 0.000000, 
0.064516, 0.000000, 0.032258, 0.161290, 0.193548, 0.225806, 0.129032, 0.032258, 0.096774, 0.064516, 0.000000, 0.000000, 
0.062500, 0.000000, 0.031250, 0.156250, 0.187500, 0.250000, 0.125000, 0.031250, 0.093750, 0.062500, 0.000000, 0.000000, 
0.060606, 0.000000, 0.030303, 0.151515, 0.181818, 0.242424, 0.121212, 0.060606, 0.090909, 0.060606, 0.000000, 0.000000, 
0.058824, 0.000000, 0.029412, 0.147059, 0.176471, 0.235294, 0.117647, 0.088235, 0.088235, 0.058824, 0.000000, 0.000000, 
0.057143, 0.000000, 0.028571, 0.142857, 0.171429, 0.228571, 0.142857, 0.085714, 0.085714, 0.057143, 0.000000, 0.000000, 
0.055556, 0.000000, 0.027778, 0.166667, 0.166667, 0.222222, 0.138889, 0.083333, 0.083333, 0.055556, 0.000000, 0.000000, 
0.054054, 0.000000, 0.027027, 0.189189, 0.162162, 0.216216, 0.135135, 0.081081, 0.081081, 0.054054, 0.000000, 0.000000, 
0.052632, 0.000000, 0.026316, 0.184211, 0.157895, 0.236842, 0.131579, 0.078947, 0.078947, 0.052632, 0.000000, 0.000000, 
0.051282, 0.000000, 0.025641, 0.179487, 0.179487, 0.230769, 0.128205, 0.076923, 0.076923, 0.051282, 0.000000, 0.000000, 
0.050000, 0.000000, 0.025000, 0.175000, 0.175000, 0.250000, 0.125000, 0.075000, 0.075000, 0.050000, 0.000000, 0.000000, 
0.048780, 0.024390, 0.024390, 0.170732, 0.170732, 0.243902, 0.121951, 0.073171, 0.073171, 0.048780, 0.000000, 0.000000, 
0.047619, 0.023810, 0.047619, 0.166667, 0.166667, 0.238095, 0.119048, 0.071429, 0.071429, 0.047619, 0.000000, 0.000000, 
0.046512, 0.023256, 0.069767, 0.162791, 0.162791, 0.232558, 0.116279, 0.069767, 0.069767, 0.046512, 0.000000, 0.000000, 
0.045455, 0.022727, 0.068182, 0.159091, 0.159091, 0.227273, 0.113636, 0.068182, 0.090909, 0.045455, 0.000000, 0.000000, 
0.044444, 0.022222, 0.066667, 0.177778, 0.155556, 0.222222, 0.111111, 0.066667, 0.088889, 0.044444, 0.000000, 0.000000, 
0.065217, 0.021739, 0.065217, 0.173913, 0.152174, 0.217391, 0.108696, 0.065217, 0.086957, 0.043478, 0.000000, 0.000000, 
0.063830, 0.021277, 0.085106, 0.170213, 0.148936, 0.212766, 0.106383, 0.063830, 0.085106, 0.042553, 0.000000, 0.000000, 
0.062500, 0.020833, 0.083333, 0.166667, 0.145833, 0.229167, 0.104167, 0.062500, 0.083333, 0.041667, 0.000000, 0.000000, 
0.061224, 0.020408, 0.081633, 0.163265, 0.163265, 0.224490, 0.102041, 0.061224, 0.081633, 0.040816, 0.000000, 0.000000, 
0.060000, 0.020000, 0.080000, 0.160000, 0.160000, 0.240000, 0.100000, 0.060000, 0.080000, 0.040000, 0.000000, 0.000000, 
0.058824, 0.019608, 0.078431, 0.156863, 0.156863, 0.235294, 0.098039, 0.078431, 0.078431, 0.039216, 0.000000, 0.000000, 
0.057692, 0.019231, 0.076923, 0.153846, 0.153846, 0.230769, 0.115385, 0.076923, 0.076923, 0.038462, 0.000000, 0.000000, 
0.056604, 0.018868, 0.075472, 0.150943, 0.150943, 0.226415, 0.113208, 0.075472, 0.094340, 0.037736, 0.000000, 0.000000, 
0.055556, 0.018519, 0.074074, 0.148148, 0.148148, 0.222222, 0.111111, 0.092593, 0.092593, 0.037037, 0.000000, 0.000000, 
0.054545, 0.018182, 0.072727, 0.163636, 0.145455, 0.218182, 0.109091, 0.090909, 0.090909, 0.036364, 0.000000, 0.000000, 
0.053571, 0.017857, 0.071429, 0.160714, 0.142857, 0.214286, 0.125000, 0.089286, 0.089286, 0.035714, 0.000000, 0.000000, 
0.052632, 0.017544, 0.070175, 0.175439, 0.140351, 0.210526, 0.122807, 0.087719, 0.087719, 0.035088, 0.000000, 0.000000, 
0.051724, 0.017241, 0.068966, 0.189655, 0.137931, 0.206897, 0.120690, 0.086207, 0.086207, 0.034483, 0.000000, 0.000000, 
0.050847, 0.016949, 0.067797, 0.186441, 0.135593, 0.203390, 0.118644, 0.084746, 0.101695, 0.033898, 0.000000, 0.000000, 
0.050000, 0.016667, 0.066667, 0.183333, 0.133333, 0.200000, 0.116667, 0.083333, 0.100000, 0.050000, 0.000000, 0.000000, 
0.049180, 0.016393, 0.065574, 0.180328, 0.131148, 0.196721, 0.114754, 0.098361, 0.098361, 0.049180, 0.000000, 0.000000, 
0.048387, 0.016129, 0.064516, 0.177419, 0.145161, 0.193548, 0.112903, 0.096774, 0.096774, 0.048387, 0.000000, 0.000000, 
0.047619, 0.015873, 0.063492, 0.174603, 0.142857, 0.190476, 0.111111, 0.095238, 0.111111, 0.047619, 0.000000, 0.000000, 
0.046875, 0.015625, 0.062500, 0.171875, 0.140625, 0.187500, 0.109375, 0.093750, 0.125000, 0.046875, 0.000000, 0.000000, 
0.046154, 0.015385, 0.061538, 0.169231, 0.153846, 0.184615, 0.107692, 0.092308, 0.123077, 0.046154, 0.000000, 0.000000, 
0.045455, 0.015152, 0.060606, 0.166667, 0.151515, 0.181818, 0.106061, 0.106061, 0.121212, 0.045455, 0.000000, 0.000000, 
0.044776, 0.014925, 0.059701, 0.164179, 0.149254, 0.179104, 0.104478, 0.104478, 0.134328, 0.044776, 0.000000, 0.000000, 
0.044118, 0.014706, 0.058824, 0.161765, 0.147059, 0.191176, 0.102941, 0.102941, 0.132353, 0.044118, 0.000000, 0.000000, 
0.043478, 0.014493, 0.057971, 0.159420, 0.144928, 0.188406, 0.101449, 0.101449, 0.130435, 0.057971, 0.000000, 0.000000, 
0.042857, 0.014286, 0.057143, 0.157143, 0.142857, 0.185714, 0.100000, 0.114286, 0.128571, 0.057143, 0.000000, 0.000000, 
0.042254, 0.014085, 0.056338, 0.154930, 0.140845, 0.183099, 0.098592, 0.126761, 0.126761, 0.056338, 0.000000, 0.000000, 
0.041667, 0.013889, 0.055556, 0.152778, 0.138889, 0.180556, 0.097222, 0.138889, 0.125000, 0.055556, 0.000000, 0.000000, 
0.041096, 0.013699, 0.054795, 0.150685, 0.136986, 0.178082, 0.095890, 0.136986, 0.136986, 0.054795, 0.000000, 0.000000, 
0.054054, 0.013514, 0.054054, 0.148649, 0.135135, 0.175676, 0.094595, 0.135135, 0.135135, 0.054054, 0.000000, 0.000000, 
0.053333, 0.013333, 0.053333, 0.146667, 0.133333, 0.173333, 0.093333, 0.133333, 0.133333, 0.066667, 0.000000, 0.000000, 
0.052632, 0.013158, 0.052632, 0.144737, 0.131579, 0.171053, 0.092105, 0.144737, 0.131579, 0.065789, 0.000000, 0.000000, 
0.051948, 0.012987, 0.051948, 0.142857, 0.129870, 0.181818, 0.090909, 0.142857, 0.129870, 0.064935, 0.000000, 0.000000, 
0.051282, 0.012821, 0.051282, 0.153846, 0.128205, 0.179487, 0.089744, 0.141026, 0.128205, 0.064103, 0.000000, 0.000000, 
0.050633, 0.012658, 0.050633, 0.151899, 0.126582, 0.189873, 0.088608, 0.139241, 0.126582, 0.063291, 0.000000, 0.000000, 
0.050000, 0.012500, 0.050000, 0.150000, 0.125000, 0.187500, 0.100000, 0.137500, 0.125000, 0.062500, 0.000000, 0.000000, 
0.049383, 0.012346, 0.049383, 0.148148, 0.123457, 0.185185, 0.098765, 0.135802, 0.123457, 0.074074, 0.000000, 0.000000, 
0.048780, 0.012195, 0.048780, 0.146341, 0.134146, 0.182927, 0.097561, 0.134146, 0.121951, 0.073171, 0.000000, 0.000000, 
0.048193, 0.012048, 0.048193, 0.156627, 0.132530, 0.180723, 0.096386, 0.132530, 0.120482, 0.072289, 0.000000, 0.000000, 
0.047619, 0.011905, 0.047619, 0.154762, 0.130952, 0.190476, 0.095238, 0.130952, 0.119048, 0.071429, 0.000000, 0.000000, 
0.047059, 0.011765, 0.047059, 0.152941, 0.129412, 0.188235, 0.105882, 0.129412, 0.117647, 0.070588, 0.000000, 0.000000, 
0.046512, 0.011628, 0.046512, 0.151163, 0.139535, 0.186047, 0.104651, 0.127907, 0.116279, 0.069767, 0.000000, 0.000000, 
0.045977, 0.011494, 0.045977, 0.149425, 0.137931, 0.183908, 0.103448, 0.137931, 0.114943, 0.068966, 0.000000, 0.000000, 
0.045455, 0.011364, 0.045455, 0.147727, 0.136364, 0.181818, 0.113636, 0.136364, 0.113636, 0.068182, 0.000000, 0.000000, 
0.044944, 0.011236, 0.044944, 0.146067, 0.134831, 0.179775, 0.123596, 0.134831, 0.112360, 0.067416, 0.000000, 0.000000, 
0.044444, 0.011111, 0.044444, 0.144444, 0.133333, 0.177778, 0.122222, 0.144444, 0.111111, 0.066667, 0.000000, 0.000000, 
0.043956, 0.010989, 0.043956, 0.142857, 0.131868, 0.175824, 0.120879, 0.142857, 0.109890, 0.076923, 0.000000, 0.000000, 
0.043478, 0.010870, 0.043478, 0.141304, 0.130435, 0.173913, 0.119565, 0.141304, 0.108696, 0.086957, 0.000000, 0.000000, 
0.043011, 0.010753, 0.043011, 0.139785, 0.129032, 0.172043, 0.118280, 0.139785, 0.107527, 0.086022, 0.010753, 0.000000, 
0.042553, 0.021277, 0.042553, 0.138298, 0.127660, 0.170213, 0.117021, 0.138298, 0.106383, 0.085106, 0.010638, 0.000000, 
0.042105, 0.021053, 0.042105, 0.147368, 0.126316, 0.168421, 0.115789, 0.136842, 0.105263, 0.084211, 0.010526, 0.000000, 
0.041667, 0.020833, 0.041667, 0.145833, 0.125000, 0.166667, 0.125000, 0.135417, 0.104167, 0.083333, 0.010417, 0.000000, 
0.041237, 0.020619, 0.041237, 0.144330, 0.134021, 0.164948, 0.123711, 0.134021, 0.103093, 0.082474, 0.010309, 0.000000, 
0.040816, 0.020408, 0.040816, 0.142857, 0.142857, 0.163265, 0.122449, 0.132653, 0.102041, 0.081633, 0.010204, 0.000000, 
0.040404, 0.020202, 0.040404, 0.141414, 0.141414, 0.161616, 0.131313, 0.131313, 0.101010, 0.080808, 0.010101, 0.000000, 
0.040000, 0.020000, 0.040000, 0.150000, 0.140000, 0.160000, 0.130000, 0.130000, 0.100000, 0.080000, 0.010000, 0.000000, 
0.039604, 0.019802, 0.039604, 0.148515, 0.138614, 0.158416, 0.138614, 0.128713, 0.099010, 0.079208, 0.009901, 0.000000, 
0.039216, 0.019608, 0.049020, 0.147059, 0.137255, 0.156863, 0.137255, 0.127451, 0.098039, 0.078431, 0.009804, 0.000000, 
0.038835, 0.019417, 0.048544, 0.145631, 0.135922, 0.155340, 0.135922, 0.135922, 0.097087, 0.077670, 0.009709, 0.000000, 
0.038462, 0.019231, 0.048077, 0.144231, 0.134615, 0.153846, 0.144231, 0.134615, 0.096154, 0.076923, 0.009615, 0.000000, 
0.038095, 0.019048, 0.047619, 0.142857, 0.133333, 0.152381, 0.142857, 0.133333, 0.104762, 0.076190, 0.009524, 0.000000, 
0.047170, 0.018868, 0.047170, 0.141509, 0.132075, 0.150943, 0.141509, 0.132075, 0.103774, 0.075472, 0.009434, 0.000000, 
0.046729, 0.018692, 0.046729, 0.140187, 0.130841, 0.149533, 0.149533, 0.130841, 0.102804, 0.074766, 0.009346, 0.000000, 
0.046296, 0.018519, 0.046296, 0.138889, 0.129630, 0.157407, 0.148148, 0.129630, 0.101852, 0.074074, 0.009259, 0.000000, 
0.045872, 0.018349, 0.045872, 0.137615, 0.128440, 0.165138, 0.146789, 0.128440, 0.100917, 0.073394, 0.009174, 0.000000, 
0.045455, 0.018182, 0.045455, 0.136364, 0.127273, 0.172727, 0.145455, 0.127273, 0.100000, 0.072727, 0.009091, 0.000000, 
0.045045, 0.018018, 0.045045, 0.135135, 0.126126, 0.171171, 0.144144, 0.135135, 0.099099, 0.072072, 0.009009, 0.000000, 
0.044643, 0.017857, 0.044643, 0.133929, 0.125000, 0.169643, 0.142857, 0.133929, 0.098214, 0.080357, 0.008929, 0.000000, 
0.044248, 0.017699, 0.044248, 0.132743, 0.132743, 0.168142, 0.141593, 0.132743, 0.097345, 0.079646, 0.008850, 0.000000, 
0.043860, 0.017544, 0.043860, 0.131579, 0.131579, 0.166667, 0.140351, 0.131579, 0.096491, 0.078947, 0.017544, 0.000000, 
0.043478, 0.017391, 0.043478, 0.130435, 0.130435, 0.165217, 0.147826, 0.130435, 0.095652, 0.078261, 0.017391, 0.000000, 
0.043103, 0.017241, 0.043103, 0.129310, 0.129310, 0.172414, 0.146552, 0.129310, 0.094828, 0.077586, 0.017241, 0.000000, 
0.042735, 0.017094, 0.051282, 0.128205, 0.128205, 0.170940, 0.145299, 0.128205, 0.094017, 0.076923, 0.017094, 0.000000, 
0.042373, 0.016949, 0.050847, 0.127119, 0.135593, 0.169492, 0.144068, 0.127119, 0.093220, 0.076271, 0.016949, 0.000000, 
0.042017, 0.016807, 0.050420, 0.126050, 0.134454, 0.168067, 0.142857, 0.134454, 0.092437, 0.075630, 0.016807, 0.000000, 
0.041667, 0.016667, 0.050000, 0.125000, 0.133333, 0.166667, 0.141667, 0.141667, 0.091667, 0.075000, 0.016667, 0.000000, 
0.041322, 0.016529, 0.057851, 0.123967, 0.132231, 0.165289, 0.140496, 0.140496, 0.090909, 0.074380, 0.016529, 0.000000, 
0.040984, 0.016393, 0.057377, 0.122951, 0.131148, 0.163934, 0.139344, 0.139344, 0.098361, 0.073770, 0.016393, 0.000000, 
0.040650, 0.016260, 0.056911, 0.121951, 0.130081, 0.162602, 0.146341, 0.138211, 0.097561, 0.073171, 0.016260, 0.000000, 
0.040323, 0.016129, 0.056452, 0.120968, 0.129032, 0.161290, 0.145161, 0.137097, 0.104839, 0.072581, 0.016129, 0.000000, 
0.040000, 0.016000, 0.056000, 0.120000, 0.128000, 0.160000, 0.144000, 0.136000, 0.104000, 0.080000, 0.016000, 0.000000, 
0.039683, 0.015873, 0.055556, 0.119048, 0.134921, 0.158730, 0.142857, 0.134921, 0.103175, 0.079365, 0.015873, 0.000000, 
0.039370, 0.023622, 0.055118, 0.118110, 0.133858, 0.157480, 0.141732, 0.133858, 0.102362, 0.078740, 0.015748, 0.000000, 
0.039062, 0.023438, 0.054688, 0.117188, 0.132812, 0.156250, 0.140625, 0.132812, 0.101562, 0.085938, 0.015625, 0.000000, 
0.038760, 0.023256, 0.062016, 0.116279, 0.131783, 0.155039, 0.139535, 0.131783, 0.100775, 0.085271, 0.015504, 0.000000, 
0.038462, 0.023077, 0.061538, 0.115385, 0.138462, 0.153846, 0.138462, 0.130769, 0.100000, 0.084615, 0.015385, 0.000000, 
0.038168, 0.022901, 0.061069, 0.114504, 0.137405, 0.160305, 0.137405, 0.129771, 0.099237, 0.083969, 0.015267, 0.000000, 
0.037879, 0.022727, 0.060606, 0.113636, 0.136364, 0.159091, 0.143939, 0.128788, 0.098485, 0.083333, 0.015152, 0.000000, 
0.037594, 0.022556, 0.067669, 0.112782, 0.135338, 0.157895, 0.142857, 0.127820, 0.097744, 0.082707, 0.015038, 0.000000, 
0.037313, 0.022388, 0.067164, 0.111940, 0.134328, 0.164179, 0.141791, 0.126866, 0.097015, 0.082090, 0.014925, 0.000000, 
0.037037, 0.022222, 0.074074, 0.111111, 0.133333, 0.162963, 0.140741, 0.125926, 0.096296, 0.081481, 0.014815, 0.000000, 
0.044118, 0.022059, 0.073529, 0.110294, 0.132353, 0.161765, 0.139706, 0.125000, 0.095588, 0.080882, 0.014706, 0.000000, 
0.043796, 0.021898, 0.072993, 0.109489, 0.131387, 0.160584, 0.138686, 0.131387, 0.094891, 0.080292, 0.014599, 0.000000, 
0.043478, 0.021739, 0.072464, 0.108696, 0.130435, 0.159420, 0.137681, 0.137681, 0.094203, 0.079710, 0.014493, 0.000000, 
0.043165, 0.021583, 0.071942, 0.107914, 0.129496, 0.158273, 0.136691, 0.143885, 0.093525, 0.079137, 0.014388, 0.000000, 
0.042857, 0.021429, 0.071429, 0.107143, 0.128571, 0.157143, 0.135714, 0.142857, 0.100000, 0.078571, 0.014286, 0.000000, 
0.042553, 0.021277, 0.070922, 0.106383, 0.127660, 0.156028, 0.134752, 0.148936, 0.099291, 0.078014, 0.014184, 0.000000, 
0.042254, 0.021127, 0.070423, 0.112676, 0.126761, 0.154930, 0.133803, 0.147887, 0.098592, 0.077465, 0.014085, 0.000000, 
0.041958, 0.020979, 0.069930, 0.111888, 0.125874, 0.153846, 0.132867, 0.153846, 0.097902, 0.076923, 0.013986, 0.000000, 
0.041667, 0.020833, 0.069444, 0.111111, 0.125000, 0.152778, 0.138889, 0.152778, 0.097222, 0.076389, 0.013889, 0.000000, 
0.041379, 0.020690, 0.068966, 0.110345, 0.124138, 0.151724, 0.137931, 0.151724, 0.096552, 0.082759, 0.013793, 0.000000, 
0.041096, 0.020548, 0.068493, 0.109589, 0.123288, 0.150685, 0.143836, 0.150685, 0.095890, 0.082192, 0.013699, 0.000000, 
0.040816, 0.027211, 0.068027, 0.108844, 0.122449, 0.149660, 0.142857, 0.149660, 0.095238, 0.081633, 0.013605, 0.000000, 
0.040541, 0.027027, 0.067568, 0.114865, 0.121622, 0.148649, 0.141892, 0.148649, 0.094595, 0.081081, 0.013514, 0.000000, 
0.040268, 0.026846, 0.067114, 0.114094, 0.127517, 0.147651, 0.140940, 0.147651, 0.093960, 0.080537, 0.013423, 0.000000, 
0.040000, 0.026667, 0.073333, 0.113333, 0.126667, 0.146667, 0.140000, 0.146667, 0.093333, 0.080000, 0.013333, 0.000000, 
0.039735, 0.026490, 0.072848, 0.112583, 0.125828, 0.145695, 0.145695, 0.145695, 0.092715, 0.079470, 0.013245, 0.000000, 
0.046053, 0.026316, 0.072368, 0.111842, 0.125000, 0.144737, 0.144737, 0.144737, 0.092105, 0.078947, 0.013158, 0.000000, 
0.045752, 0.032680, 0.071895, 0.111111, 0.124183, 0.143791, 0.143791, 0.143791, 0.091503, 0.078431, 0.013072, 0.000000, 
0.045455, 0.032468, 0.071429, 0.116883, 0.123377, 0.142857, 0.142857, 0.142857, 0.090909, 0.077922, 0.012987, 0.000000, 
0.045161, 0.038710, 0.070968, 0.116129, 0.122581, 0.141935, 0.141935, 0.141935, 0.090323, 0.077419, 0.012903, 0.000000, 
0.044872, 0.038462, 0.070513, 0.115385, 0.121795, 0.141026, 0.141026, 0.147436, 0.089744, 0.076923, 0.012821, 0.000000, 
0.044586, 0.038217, 0.070064, 0.114650, 0.121019, 0.140127, 0.140127, 0.146497, 0.095541, 0.076433, 0.012739, 0.000000, 
0.044304, 0.037975, 0.069620, 0.113924, 0.120253, 0.139241, 0.145570, 0.145570, 0.094937, 0.075949, 0.012658, 0.000000, 
0.044025, 0.037736, 0.069182, 0.113208, 0.125786, 0.138365, 0.144654, 0.144654, 0.094340, 0.075472, 0.012579, 0.000000, 
0.043750, 0.037500, 0.068750, 0.112500, 0.125000, 0.143750, 0.143750, 0.143750, 0.093750, 0.075000, 0.012500, 0.000000, 
0.043478, 0.037267, 0.068323, 0.118012, 0.124224, 0.142857, 0.142857, 0.142857, 0.093168, 0.074534, 0.012422, 0.000000, 
0.043210, 0.043210, 0.067901, 0.117284, 0.123457, 0.141975, 0.141975, 0.141975, 0.092593, 0.074074, 0.012346, 0.000000, 
0.042945, 0.042945, 0.073620, 0.116564, 0.122699, 0.141104, 0.141104, 0.141104, 0.092025, 0.073620, 0.012270, 0.000000, 
0.042683, 0.042683, 0.073171, 0.115854, 0.121951, 0.140244, 0.146341, 0.140244, 0.091463, 0.073171, 0.012195, 0.000000, 
0.042424, 0.042424, 0.072727, 0.115152, 0.121212, 0.145455, 0.145455, 0.139394, 0.090909, 0.072727, 0.012121, 0.000000, 
0.042169, 0.042169, 0.078313, 0.114458, 0.120482, 0.144578, 0.144578, 0.138554, 0.090361, 0.072289, 0.012048, 0.000000, 
0.041916, 0.041916, 0.077844, 0.113772, 0.119760, 0.143713, 0.143713, 0.143713, 0.089820, 0.071856, 0.011976, 0.000000, 
0.041667, 0.041667, 0.077381, 0.113095, 0.119048, 0.148810, 0.142857, 0.142857, 0.089286, 0.071429, 0.011905, 0.000000, 
0.041420, 0.041420, 0.076923, 0.112426, 0.118343, 0.147929, 0.142012, 0.147929, 0.088757, 0.071006, 0.011834, 0.000000, 
0.041176, 0.041176, 0.076471, 0.111765, 0.123529, 0.147059, 0.141176, 0.147059, 0.088235, 0.070588, 0.011765, 0.000000, 
0.040936, 0.040936, 0.076023, 0.111111, 0.128655, 0.146199, 0.140351, 0.146199, 0.087719, 0.070175, 0.011696, 0.000000, 
0.040698, 0.040698, 0.075581, 0.110465, 0.127907, 0.145349, 0.139535, 0.145349, 0.087209, 0.075581, 0.011628, 0.000000, 
0.040462, 0.040462, 0.075145, 0.115607, 0.127168, 0.144509, 0.138728, 0.144509, 0.086705, 0.075145, 0.011561, 0.000000, 
0.040230, 0.040230, 0.080460, 0.114943, 0.126437, 0.143678, 0.137931, 0.143678, 0.086207, 0.074713, 0.011494, 0.000000, 
0.040000, 0.040000, 0.080000, 0.114286, 0.131429, 0.142857, 0.137143, 0.142857, 0.085714, 0.074286, 0.011429, 0.000000, 
0.039773, 0.039773, 0.079545, 0.113636, 0.136364, 0.142045, 0.136364, 0.142045, 0.085227, 0.073864, 0.011364, 0.000000, 
0.039548, 0.039548, 0.079096, 0.112994, 0.141243, 0.141243, 0.135593, 0.141243, 0.084746, 0.073446, 0.011299, 0.000000, 
0.039326, 0.039326, 0.078652, 0.117978, 0.140449, 0.140449, 0.134831, 0.140449, 0.084270, 0.073034, 0.011236, 0.000000, 
0.039106, 0.039106, 0.078212, 0.117318, 0.139665, 0.139665, 0.139665, 0.139665, 0.083799, 0.072626, 0.011173, 0.000000, 
0.038889, 0.038889, 0.077778, 0.116667, 0.138889, 0.138889, 0.138889, 0.144444, 0.083333, 0.072222, 0.011111, 0.000000, 
0.038674, 0.038674, 0.077348, 0.116022, 0.143646, 0.138122, 0.138122, 0.143646, 0.082873, 0.071823, 0.011050, 0.000000, 
0.038462, 0.038462, 0.082418, 0.115385, 0.142857, 0.137363, 0.137363, 0.142857, 0.082418, 0.071429, 0.010989, 0.000000, 
0.038251, 0.038251, 0.081967, 0.114754, 0.142077, 0.136612, 0.136612, 0.142077, 0.087432, 0.071038, 0.010929, 0.000000, 
0.038043, 0.038043, 0.081522, 0.114130, 0.141304, 0.135870, 0.135870, 0.146739, 0.086957, 0.070652, 0.010870, 0.000000, 
0.037838, 0.043243, 0.081081, 0.113514, 0.140541, 0.135135, 0.135135, 0.145946, 0.086486, 0.070270, 0.010811, 0.000000, 
0.037634, 0.043011, 0.080645, 0.112903, 0.139785, 0.134409, 0.139785, 0.145161, 0.086022, 0.069892, 0.010753, 0.000000, 
0.037433, 0.042781, 0.080214, 0.112299, 0.139037, 0.133690, 0.139037, 0.144385, 0.085561, 0.069519, 0.016043, 0.000000, 
0.037234, 0.042553, 0.079787, 0.111702, 0.138298, 0.138298, 0.138298, 0.143617, 0.085106, 0.069149, 0.015957, 0.000000, 
0.037037, 0.047619, 0.079365, 0.111111, 0.137566, 0.137566, 0.137566, 0.142857, 0.084656, 0.068783, 0.015873, 0.000000, 
0.036842, 0.047368, 0.078947, 0.110526, 0.136842, 0.136842, 0.136842, 0.142105, 0.089474, 0.068421, 0.015789, 0.000000, 
0.036649, 0.047120, 0.078534, 0.109948, 0.136126, 0.136126, 0.136126, 0.141361, 0.089005, 0.073298, 0.015707, 0.000000, 
0.036458, 0.046875, 0.083333, 0.109375, 0.135417, 0.135417, 0.135417, 0.140625, 0.088542, 0.072917, 0.015625, 0.000000, 
0.036269, 0.046632, 0.082902, 0.108808, 0.134715, 0.134715, 0.139896, 0.139896, 0.088083, 0.072539, 0.015544, 0.000000, 
0.036082, 0.046392, 0.082474, 0.113402, 0.134021, 0.134021, 0.139175, 0.139175, 0.087629, 0.072165, 0.015464, 0.000000, 
0.035897, 0.046154, 0.082051, 0.117949, 0.133333, 0.133333, 0.138462, 0.138462, 0.087179, 0.071795, 0.015385, 0.000000, 
0.035714, 0.045918, 0.081633, 0.122449, 0.132653, 0.132653, 0.137755, 0.137755, 0.086735, 0.071429, 0.015306, 0.000000, 
0.035533, 0.045685, 0.081218, 0.121827, 0.131980, 0.131980, 0.137056, 0.137056, 0.091371, 0.071066, 0.015228, 0.000000, 
0.035354, 0.045455, 0.080808, 0.121212, 0.131313, 0.131313, 0.141414, 0.136364, 0.090909, 0.070707, 0.015152, 0.000000, 
0.035176, 0.045226, 0.080402, 0.125628, 0.130653, 0.130653, 0.140704, 0.135678, 0.090452, 0.070352, 0.015075, 0.000000, 
0.040000, 0.045000, 0.080000, 0.125000, 0.130000, 0.130000, 0.140000, 0.135000, 0.090000, 0.070000, 0.015000, 0.000000, 
0.039801, 0.049751, 0.079602, 0.124378, 0.129353, 0.129353, 0.139303, 0.134328, 0.089552, 0.069652, 0.014925, 0.000000, 
0.039604, 0.049505, 0.079208, 0.123762, 0.133663, 0.128713, 0.138614, 0.133663, 0.089109, 0.069307, 0.014851, 0.000000, 
0.044335, 0.049261, 0.078818, 0.123153, 0.133005, 0.128079, 0.137931, 0.133005, 0.088670, 0.068966, 0.014778, 0.000000, 
0.049020, 0.049020, 0.078431, 0.122549, 0.132353, 0.127451, 0.137255, 0.132353, 0.088235, 0.068627, 0.014706, 0.000000, 
0.048780, 0.048780, 0.078049, 0.126829, 0.131707, 0.126829, 0.136585, 0.131707, 0.087805, 0.068293, 0.014634, 0.000000, 
0.048544, 0.048544, 0.077670, 0.126214, 0.135922, 0.126214, 0.135922, 0.131068, 0.087379, 0.067961, 0.014563, 0.000000, 
0.048309, 0.048309, 0.077295, 0.130435, 0.135266, 0.125604, 0.135266, 0.130435, 0.086957, 0.067633, 0.014493, 0.000000, 
0.052885, 0.048077, 0.076923, 0.129808, 0.134615, 0.125000, 0.134615, 0.129808, 0.086538, 0.067308, 0.014423, 0.000000, 
0.052632, 0.052632, 0.076555, 0.129187, 0.133971, 0.124402, 0.133971, 0.129187, 0.086124, 0.066986, 0.014354, 0.000000, 
0.052381, 0.052381, 0.076190, 0.128571, 0.133333, 0.128571, 0.133333, 0.128571, 0.085714, 0.066667, 0.014286, 0.000000, 
0.052133, 0.052133, 0.080569, 0.127962, 0.132701, 0.127962, 0.132701, 0.127962, 0.085308, 0.066351, 0.014218, 0.000000, 
0.051887, 0.051887, 0.080189, 0.127358, 0.132075, 0.132075, 0.132075, 0.127358, 0.084906, 0.066038, 0.014151, 0.000000, 
0.051643, 0.051643, 0.079812, 0.126761, 0.131455, 0.131455, 0.131455, 0.126761, 0.084507, 0.070423, 0.014085, 0.000000, 
0.051402, 0.051402, 0.084112, 0.126168, 0.130841, 0.130841, 0.130841, 0.126168, 0.084112, 0.070093, 0.014019, 0.000000, 
0.051163, 0.051163, 0.083721, 0.125581, 0.130233, 0.130233, 0.130233, 0.125581, 0.088372, 0.069767, 0.013953, 0.000000, 
0.050926, 0.050926, 0.083333, 0.125000, 0.129630, 0.129630, 0.129630, 0.125000, 0.087963, 0.074074, 0.013889, 0.000000, 
0.050691, 0.050691, 0.082949, 0.129032, 0.129032, 0.129032, 0.129032, 0.124424, 0.087558, 0.073733, 0.013825, 0.000000, 
0.050459, 0.050459, 0.082569, 0.128440, 0.128440, 0.128440, 0.133028, 0.123853, 0.087156, 0.073394, 0.013761, 0.000000, 
0.050228, 0.050228, 0.082192, 0.132420, 0.127854, 0.127854, 0.132420, 0.123288, 0.086758, 0.073059, 0.013699, 0.000000, 
0.050000, 0.050000, 0.081818, 0.131818, 0.127273, 0.127273, 0.136364, 0.122727, 0.086364, 0.072727, 0.013636, 0.000000, 
0.049774, 0.049774, 0.081448, 0.131222, 0.131222, 0.126697, 0.135747, 0.122172, 0.085973, 0.072398, 0.013575, 0.000000, 
0.049550, 0.049550, 0.081081, 0.130631, 0.130631, 0.130631, 0.135135, 0.121622, 0.085586, 0.072072, 0.013514, 0.000000, 
0.049327, 0.049327, 0.085202, 0.130045, 0.130045, 0.130045, 0.134529, 0.121076, 0.085202, 0.071749, 0.013453, 0.000000, 
0.049107, 0.049107, 0.084821, 0.133929, 0.129464, 0.129464, 0.133929, 0.120536, 0.084821, 0.071429, 0.013393, 0.000000, 
0.048889, 0.048889, 0.084444, 0.133333, 0.133333, 0.128889, 0.133333, 0.120000, 0.084444, 0.071111, 0.013333, 0.000000, 
0.048673, 0.048673, 0.084071, 0.132743, 0.132743, 0.128319, 0.137168, 0.119469, 0.084071, 0.070796, 0.013274, 0.000000, 
0.048458, 0.048458, 0.083700, 0.132159, 0.132159, 0.132159, 0.136564, 0.118943, 0.083700, 0.070485, 0.013216, 0.000000, 
0.048246, 0.048246, 0.087719, 0.131579, 0.131579, 0.131579, 0.135965, 0.118421, 0.083333, 0.070175, 0.013158, 0.000000, 
0.048035, 0.048035, 0.087336, 0.131004, 0.131004, 0.131004, 0.135371, 0.122271, 0.082969, 0.069869, 0.013100, 0.000000, 
0.047826, 0.047826, 0.086957, 0.134783, 0.130435, 0.130435, 0.134783, 0.121739, 0.082609, 0.069565, 0.013043, 0.000000, 
0.047619, 0.047619, 0.086580, 0.134199, 0.129870, 0.129870, 0.134199, 0.125541, 0.082251, 0.069264, 0.012987, 0.000000, 
0.047414, 0.047414, 0.086207, 0.133621, 0.129310, 0.133621, 0.133621, 0.125000, 0.081897, 0.068966, 0.012931, 0.000000, 
0.047210, 0.047210, 0.085837, 0.133047, 0.128755, 0.133047, 0.137339, 0.124464, 0.081545, 0.068670, 0.012876, 0.000000, 
0.047009, 0.047009, 0.085470, 0.132479, 0.128205, 0.132479, 0.136752, 0.128205, 0.081197, 0.068376, 0.012821, 0.000000, 
0.046809, 0.046809, 0.085106, 0.136170, 0.127660, 0.131915, 0.136170, 0.127660, 0.080851, 0.068085, 0.012766, 0.000000, 
0.046610, 0.046610, 0.084746, 0.135593, 0.127119, 0.131356, 0.139831, 0.127119, 0.080508, 0.067797, 0.012712, 0.000000, 
0.046414, 0.046414, 0.084388, 0.135021, 0.126582, 0.135021, 0.139241, 0.126582, 0.080169, 0.067511, 0.012658, 0.000000, 
0.046218, 0.050420, 0.084034, 0.134454, 0.126050, 0.134454, 0.138655, 0.126050, 0.079832, 0.067227, 0.012605, 0.000000, 
0.046025, 0.050209, 0.083682, 0.133891, 0.125523, 0.133891, 0.142259, 0.125523, 0.079498, 0.066946, 0.012552, 0.000000, 
0.045833, 0.050000, 0.083333, 0.133333, 0.125000, 0.133333, 0.145833, 0.125000, 0.079167, 0.066667, 0.012500, 0.000000, 
0.045643, 0.049793, 0.082988, 0.132780, 0.124481, 0.132780, 0.145228, 0.128631, 0.078838, 0.066390, 0.012448, 0.000000, 
0.045455, 0.049587, 0.082645, 0.132231, 0.123967, 0.132231, 0.144628, 0.128099, 0.078512, 0.070248, 0.012397, 0.000000, 
0.045267, 0.049383, 0.082305, 0.131687, 0.123457, 0.131687, 0.144033, 0.127572, 0.082305, 0.069959, 0.012346, 0.000000, 
0.045082, 0.049180, 0.081967, 0.131148, 0.122951, 0.131148, 0.143443, 0.127049, 0.081967, 0.073770, 0.012295, 0.000000, 
0.044898, 0.048980, 0.081633, 0.130612, 0.122449, 0.134694, 0.142857, 0.126531, 0.081633, 0.073469, 0.012245, 0.000000, 
0.044715, 0.048780, 0.081301, 0.130081, 0.121951, 0.138211, 0.142276, 0.126016, 0.081301, 0.073171, 0.012195, 0.000000, 
0.044534, 0.048583, 0.080972, 0.129555, 0.121457, 0.137652, 0.141700, 0.129555, 0.080972, 0.072874, 0.012146, 0.000000, 
0.044355, 0.048387, 0.084677, 0.129032, 0.120968, 0.137097, 0.141129, 0.129032, 0.080645, 0.072581, 0.012097, 0.000000, 
0.044177, 0.048193, 0.084337, 0.128514, 0.120482, 0.136546, 0.144578, 0.128514, 0.080321, 0.072289, 0.012048, 0.000000, 
0.044000, 0.048000, 0.084000, 0.128000, 0.124000, 0.136000, 0.144000, 0.128000, 0.080000, 0.072000, 0.012000, 0.000000, 
0.043825, 0.047809, 0.083665, 0.127490, 0.123506, 0.139442, 0.143426, 0.127490, 0.079681, 0.071713, 0.011952, 0.000000, 
0.043651, 0.047619, 0.083333, 0.130952, 0.123016, 0.138889, 0.142857, 0.126984, 0.079365, 0.071429, 0.011905, 0.000000, 
0.043478, 0.047431, 0.083004, 0.130435, 0.122530, 0.138340, 0.142292, 0.126482, 0.083004, 0.071146, 0.011858, 0.000000, 
0.043307, 0.047244, 0.082677, 0.129921, 0.122047, 0.137795, 0.145669, 0.125984, 0.082677, 0.070866, 0.011811, 0.000000, 
0.043137, 0.047059, 0.082353, 0.133333, 0.121569, 0.137255, 0.145098, 0.125490, 0.082353, 0.070588, 0.011765, 0.000000, 
0.042969, 0.046875, 0.082031, 0.132812, 0.121094, 0.140625, 0.144531, 0.125000, 0.082031, 0.070312, 0.011719, 0.000000, 
0.042802, 0.046693, 0.081712, 0.132296, 0.120623, 0.143969, 0.143969, 0.124514, 0.081712, 0.070039, 0.011673, 0.000000, 
0.042636, 0.046512, 0.081395, 0.131783, 0.124031, 0.143411, 0.143411, 0.124031, 0.081395, 0.069767, 0.011628, 0.000000, 
0.042471, 0.046332, 0.081081, 0.131274, 0.123552, 0.142857, 0.142857, 0.123552, 0.081081, 0.073359, 0.011583, 0.000000, 
0.042308, 0.046154, 0.080769, 0.130769, 0.126923, 0.142308, 0.142308, 0.123077, 0.080769, 0.073077, 0.011538, 0.000000, 
0.042146, 0.045977, 0.080460, 0.130268, 0.126437, 0.145594, 0.141762, 0.122605, 0.080460, 0.072797, 0.011494, 0.000000, 
0.041985, 0.045802, 0.080153, 0.129771, 0.125954, 0.145038, 0.145038, 0.122137, 0.080153, 0.072519, 0.011450, 0.000000, 
0.041825, 0.045627, 0.079848, 0.129278, 0.129278, 0.144487, 0.144487, 0.121673, 0.079848, 0.072243, 0.011407, 0.000000, 
0.045455, 0.045455, 0.079545, 0.128788, 0.128788, 0.143939, 0.143939, 0.121212, 0.079545, 0.071970, 0.011364, 0.000000, 
0.045283, 0.045283, 0.079245, 0.128302, 0.128302, 0.143396, 0.147170, 0.120755, 0.079245, 0.071698, 0.011321, 0.000000, 
0.045113, 0.048872, 0.078947, 0.127820, 0.127820, 0.142857, 0.146617, 0.120301, 0.078947, 0.071429, 0.011278, 0.000000, 
0.044944, 0.048689, 0.078652, 0.127341, 0.131086, 0.142322, 0.146067, 0.119850, 0.078652, 0.071161, 0.011236, 0.000000, 
0.044776, 0.048507, 0.078358, 0.126866, 0.130597, 0.141791, 0.145522, 0.119403, 0.078358, 0.074627, 0.011194, 0.000000, 
0.044610, 0.048327, 0.078067, 0.130112, 0.130112, 0.141264, 0.144981, 0.118959, 0.078067, 0.074349, 0.011152, 0.000000, 
0.044444, 0.048148, 0.077778, 0.129630, 0.129630, 0.140741, 0.148148, 0.118519, 0.077778, 0.074074, 0.011111, 0.000000, 
0.044280, 0.047970, 0.081181, 0.129151, 0.129151, 0.140221, 0.147601, 0.118081, 0.077491, 0.073801, 0.011070, 0.000000, 
0.044118, 0.047794, 0.080882, 0.128676, 0.128676, 0.139706, 0.150735, 0.117647, 0.077206, 0.073529, 0.011029, 0.000000, 
0.043956, 0.051282, 0.080586, 0.128205, 0.128205, 0.139194, 0.150183, 0.117216, 0.076923, 0.073260, 0.010989, 0.000000, 
0.043796, 0.051095, 0.080292, 0.127737, 0.131387, 0.138686, 0.149635, 0.116788, 0.076642, 0.072993, 0.010949, 0.000000, 
0.043636, 0.050909, 0.080000, 0.130909, 0.130909, 0.138182, 0.149091, 0.116364, 0.076364, 0.072727, 0.010909, 0.000000, 
0.043478, 0.050725, 0.079710, 0.134058, 0.130435, 0.137681, 0.148551, 0.115942, 0.076087, 0.072464, 0.010870, 0.000000, 
0.043321, 0.050542, 0.079422, 0.133574, 0.129964, 0.140794, 0.148014, 0.115523, 0.075812, 0.072202, 0.010830, 0.000000, 
0.043165, 0.050360, 0.079137, 0.133094, 0.129496, 0.140288, 0.147482, 0.115108, 0.075540, 0.071942, 0.014388, 0.000000, 
0.043011, 0.050179, 0.078853, 0.132616, 0.129032, 0.143369, 0.146953, 0.114695, 0.075269, 0.071685, 0.014337, 0.000000, 
0.042857, 0.050000, 0.078571, 0.132143, 0.128571, 0.142857, 0.146429, 0.117857, 0.075000, 0.071429, 0.014286, 0.000000, 
0.042705, 0.049822, 0.078292, 0.131673, 0.128114, 0.142349, 0.145907, 0.117438, 0.078292, 0.071174, 0.014235, 0.000000, 
0.042553, 0.049645, 0.078014, 0.131206, 0.127660, 0.141844, 0.145390, 0.117021, 0.081560, 0.070922, 0.014184, 0.000000, 
0.042403, 0.049470, 0.077739, 0.130742, 0.127208, 0.144876, 0.144876, 0.116608, 0.081272, 0.070671, 0.014134, 0.000000, 
0.042254, 0.049296, 0.077465, 0.130282, 0.130282, 0.144366, 0.144366, 0.116197, 0.080986, 0.070423, 0.014085, 0.000000, 
0.042105, 0.049123, 0.077193, 0.129825, 0.129825, 0.143860, 0.147368, 0.115789, 0.080702, 0.070175, 0.014035, 0.000000, 
0.041958, 0.048951, 0.076923, 0.129371, 0.132867, 0.143357, 0.146853, 0.115385, 0.080420, 0.069930, 0.013986, 0.000000, 
0.041812, 0.048780, 0.076655, 0.128920, 0.132404, 0.146341, 0.146341, 0.114983, 0.080139, 0.069686, 0.013937, 0.000000, 
0.041667, 0.048611, 0.076389, 0.128472, 0.131944, 0.145833, 0.145833, 0.114583, 0.083333, 0.069444, 0.013889, 0.000000, 
0.041522, 0.048443, 0.076125, 0.131488, 0.131488, 0.145329, 0.145329, 0.114187, 0.083045, 0.069204, 0.013841, 0.000000, 
0.041379, 0.048276, 0.075862, 0.131034, 0.131034, 0.144828, 0.144828, 0.113793, 0.082759, 0.068966, 0.017241, 0.000000, 
0.041237, 0.048110, 0.075601, 0.130584, 0.134021, 0.144330, 0.144330, 0.113402, 0.082474, 0.068729, 0.017182, 0.000000, 
0.041096, 0.051370, 0.075342, 0.130137, 0.133562, 0.143836, 0.143836, 0.113014, 0.082192, 0.068493, 0.017123, 0.000000, 
0.040956, 0.051195, 0.075085, 0.129693, 0.133106, 0.143345, 0.143345, 0.116041, 0.081911, 0.068259, 0.017065, 0.000000, 
0.040816, 0.051020, 0.074830, 0.129252, 0.132653, 0.142857, 0.146259, 0.115646, 0.081633, 0.068027, 0.017007, 0.000000, 
0.040678, 0.054237, 0.074576, 0.128814, 0.132203, 0.142373, 0.145763, 0.115254, 0.081356, 0.067797, 0.016949, 0.000000, 
0.040541, 0.054054, 0.074324, 0.128378, 0.131757, 0.141892, 0.148649, 0.114865, 0.081081, 0.067568, 0.016892, 0.000000, 
0.040404, 0.053872, 0.074074, 0.127946, 0.131313, 0.144781, 0.148148, 0.114478, 0.080808, 0.067340, 0.016835, 0.000000, 
0.040268, 0.053691, 0.073826, 0.127517, 0.130872, 0.147651, 0.147651, 0.114094, 0.080537, 0.067114, 0.016779, 0.000000, 
0.040134, 0.053512, 0.076923, 0.127090, 0.130435, 0.147157, 0.147157, 0.113712, 0.080268, 0.066890, 0.016722, 0.000000, 
0.040000, 0.053333, 0.076667, 0.130000, 0.130000, 0.146667, 0.146667, 0.113333, 0.080000, 0.066667, 0.016667, 0.000000, 
0.039867, 0.053156, 0.076412, 0.129568, 0.129568, 0.149502, 0.146179, 0.112957, 0.079734, 0.066445, 0.016611, 0.000000, 
0.039735, 0.052980, 0.079470, 0.129139, 0.129139, 0.149007, 0.145695, 0.112583, 0.079470, 0.066225, 0.016556, 0.000000, 
0.039604, 0.052805, 0.079208, 0.128713, 0.128713, 0.148515, 0.148515, 0.112211, 0.079208, 0.066007, 0.016502, 0.000000, 
0.039474, 0.052632, 0.078947, 0.128289, 0.128289, 0.148026, 0.148026, 0.111842, 0.082237, 0.065789, 0.016447, 0.000000, 
0.039344, 0.052459, 0.081967, 0.127869, 0.127869, 0.147541, 0.147541, 0.111475, 0.081967, 0.065574, 0.016393, 0.000000, 
0.039216, 0.052288, 0.081699, 0.127451, 0.127451, 0.147059, 0.147059, 0.114379, 0.081699, 0.065359, 0.016340, 0.000000, 
0.039088, 0.052117, 0.084691, 0.127036, 0.127036, 0.146580, 0.146580, 0.114007, 0.081433, 0.065147, 0.016287, 0.000000, 
0.038961, 0.051948, 0.084416, 0.129870, 0.126623, 0.146104, 0.146104, 0.113636, 0.081169, 0.064935, 0.016234, 0.000000, 
0.038835, 0.051780, 0.084142, 0.129450, 0.126214, 0.145631, 0.145631, 0.113269, 0.084142, 0.064725, 0.016181, 0.000000, 
0.038710, 0.051613, 0.083871, 0.129032, 0.125806, 0.145161, 0.145161, 0.112903, 0.083871, 0.064516, 0.019355, 0.000000, 
0.038585, 0.051447, 0.083601, 0.128617, 0.125402, 0.144695, 0.144695, 0.112540, 0.083601, 0.067524, 0.019293, 0.000000, 
0.038462, 0.051282, 0.086538, 0.128205, 0.125000, 0.144231, 0.144231, 0.112179, 0.083333, 0.067308, 0.019231, 0.000000, 
0.038339, 0.051118, 0.086262, 0.127796, 0.127796, 0.143770, 0.143770, 0.111821, 0.083067, 0.067093, 0.019169, 0.000000, 
0.038217, 0.050955, 0.085987, 0.127389, 0.127389, 0.143312, 0.143312, 0.114650, 0.082803, 0.066879, 0.019108, 0.000000, 
0.038095, 0.050794, 0.088889, 0.126984, 0.126984, 0.142857, 0.142857, 0.114286, 0.082540, 0.066667, 0.019048, 0.000000, 
0.037975, 0.050633, 0.088608, 0.126582, 0.126582, 0.142405, 0.142405, 0.117089, 0.082278, 0.066456, 0.018987, 0.000000, 
0.037855, 0.050473, 0.088328, 0.126183, 0.126183, 0.145110, 0.141956, 0.116719, 0.082019, 0.066246, 0.018927, 0.000000, 
0.037736, 0.050314, 0.088050, 0.125786, 0.125786, 0.144654, 0.141509, 0.116352, 0.084906, 0.066038, 0.018868, 0.000000, 
0.037618, 0.050157, 0.087774, 0.125392, 0.125392, 0.144201, 0.144201, 0.115987, 0.084639, 0.065831, 0.018809, 0.000000, 
0.037500, 0.050000, 0.087500, 0.125000, 0.125000, 0.143750, 0.146875, 0.115625, 0.084375, 0.065625, 0.018750, 0.000000, 
0.037383, 0.049844, 0.087227, 0.124611, 0.124611, 0.143302, 0.149533, 0.115265, 0.084112, 0.065421, 0.018692, 0.000000, 
0.037267, 0.049689, 0.086957, 0.127329, 0.124224, 0.142857, 0.149068, 0.114907, 0.083851, 0.065217, 0.018634, 0.000000, 
0.040248, 0.049536, 0.086687, 0.126935, 0.123839, 0.142415, 0.148607, 0.114551, 0.083591, 0.065015, 0.018576, 0.000000, 
0.040123, 0.049383, 0.086420, 0.126543, 0.123457, 0.141975, 0.148148, 0.117284, 0.083333, 0.064815, 0.018519, 0.000000, 
0.040000, 0.049231, 0.086154, 0.126154, 0.126154, 0.141538, 0.147692, 0.116923, 0.083077, 0.064615, 0.018462, 0.000000, 
0.039877, 0.049080, 0.088957, 0.125767, 0.125767, 0.141104, 0.147239, 0.116564, 0.082822, 0.064417, 0.018405, 0.000000, 
0.039755, 0.048930, 0.088685, 0.128440, 0.125382, 0.140673, 0.146789, 0.116208, 0.082569, 0.064220, 0.018349, 0.000000, 
0.039634, 0.048780, 0.088415, 0.128049, 0.125000, 0.140244, 0.149390, 0.115854, 0.082317, 0.064024, 0.018293, 0.000000, 
0.039514, 0.048632, 0.088146, 0.127660, 0.124620, 0.139818, 0.148936, 0.118541, 0.082067, 0.063830, 0.018237, 0.000000, 
